3000,'c_72083_b_87254_d_31',1030,,218,1,,,0,85,,218,47,4,,0,15,,219,1,,,0,85,,219,47,4,,0,15,,220,1,,,0,85,,220,47,4,,0,15,,221,1,,,0,85,,221,47,4,,0,15,,222,1,,,0,85,,222,47,4,,0,15,,223,1,,,0,85,,223,47,4,,0,15,,224,1,,,0,85,,224,47,4,,0
3100,'c_72083_b_87254_d_31',650,,232,24,4,,0,50,,228,1,,,0,50,,228,51,4,,0,50,,229,1,,,0,50,,229,51,4,,0,50,,230,1,,,0,50,,230,51,4,,0,50,,231,1,,,0,50,,231,51,4,,0,50,,234,1,,,0,50,,234,51,4,,0,50,,236,1,,,0,50,,236,51,4,,0,50,,226,1,,,0,50,,226,51,4,,0,50,,237,1,,,0,50,,237,51,4,,0,50,,227,1,,,0,50,,227,51,4,,0,50,,233,1,,,0,50,,233,51,4,,0,50,,225,1,,,0,50,,225,51,4,,0,50,,235,1,,,0,50,,235,51,4,,0,50,,238,1,,,0
3100,'c_72083_b_87254_d_32',800,,248,1,,,0,50,,248,51,4,,0,50,,246,1,,,0,50,,246,51,4,,0,50,,240,1,,,0,50,,240,51,4,,0,50,,241,1,,,0,50,,241,51,4,,0,50,,247,1,,,0,50,,247,51,4,,0,50,,244,1,,,0,50,,244,51,4,,0,50,,242,1,,,0,50,,242,51,4,,0,50,,245,1,,,0,50,,245,51,4,,0,50,,243,1,,,0,50,,243,51,4,,0,50,,239,1,,,0,50,,239,51,4,,0
3200,'c_72083_b_87254_d_31',650,,251,16,4,,0,50,,257,1,,,0,50,,257,39,4,,0,50,,258,1,,,0,50,,258,39,4,,0,50,,259,1,,,0,50,,259,39,4,,0,50,,260,1,,,0,50,,260,39,4,,0,50,,253,1,,,0,50,,253,39,4,,0,50,,252,1,,,0,50,,252,39,4,,0,50,,254,1,,,0,50,,254,39,4,,0,50,,249,1,,,0,50,,249,39,4,,0,50,,255,1,,,0,50,,255,39,4,,0,50,,256,1,,,0,50,,256,39,4,,0,50,,250,1,,,0,50,,250,39,4,,0,50,,261,1,,,0,50,,261,39,4,,0,50,,262,1,,,0
3200,'c_72083_b_87254_d_32',800,,263,1,,,0,50,,263,39,4,,0,50,,265,1,,,0,50,,265,39,4,,0,50,,266,1,,,0,50,,266,39,4,,0,50,,267,1,,,0,50,,267,39,4,,0,50,,268,1,,,0,50,,268,39,4,,0,50,,269,1,,,0,50,,269,39,4,,0,50,,270,1,,,0,50,,270,39,4,,0,50,,271,1,,,0,50,,271,39,4,,0,50,,272,1,,,0,50,,272,39,4,,0,50,,264,1,,,0,50,,264,39,4,,0
3300,'c_72083_b_87254_d_31',650,,273,10,4,,0,50,,274,1,,,0,50,,274,37,4,,0,50,,278,1,,,0,50,,278,37,4,,0,50,,279,1,,,0,50,,279,37,4,,0,50,,280,1,,,0,50,,280,37,4,,0,50,,281,1,,,0,50,,281,37,4,,0,50,,282,1,,,0,50,,282,37,4,,0,50,,283,1,,,0,50,,283,37,4,,0,50,,284,1,,,0,50,,284,37,4,,0,50,,285,1,,,0,50,,285,37,4,,0,50,,275,1,,,0,50,,275,37,4,,0,50,,276,1,,,0,50,,276,37,4,,0,50,,277,1,,,0,50,,277,37,4,,0
3300,'c_72083_b_87254_d_32',800,,286,1,,,0,50,,286,37,4,,0,50,,288,1,,,0,50,,288,37,4,,0,50,,289,1,,,0,50,,289,37,4,,0,50,,290,1,,,0,50,,290,37,4,,0,50,,291,1,,,0,50,,291,37,4,,0,50,,292,1,,,0,50,,292,37,4,,0,50,,293,1,,,0,50,,293,37,4,,0,50,,294,1,,,0,50,,294,37,4,,0,50,,295,1,,,0,50,,295,37,4,,0,50,,287,1,,,0,50,,287,37,4,,0
4500,'c_72083_b_87254_d_31',630,,320,1,,,0,22,,320,17,4,,0,48,,321,1,,,0,22,,321,17,4,,0,8,,322,1,,,0,22,,322,17,4,,0,48,,323,1,,,0,22,,323,17,4,,0,8,,324,1,,,0,22,,324,17,4,,0,48,,329,1,,,0,20,,309,1,,,0,2,,329,17,4,,0,18,,330,1,,,0,7,,309,17,4,,0,53,,312,1,,,0,7,,330,17,4,,0,13,,331,1,,,0,7,,312,17,4,,0,13,,313,1,,,0,7,,331,17,4,,0,53,,332,1,,,0,7,,313,17,4,,0,13,,314,1,,,0,7,,332,17,4,,0,13,,333,1,,,0,7,,314,17,4,,0,53,,315,1,,,0,7,,333,17,4,,0,13,,334,1,,,0,7,,315,17,4,,0,13,,316,1,,,0,7,,334,17,4,,0,53,,335,1,,,0,7,,316,17,4,,0,13,,317,1,,,0,7,,335,17,4,,0,13,,336,1,,,0,7,,317,17,4,,0,53,,318,1,,,0,7,,336,17,4,,0,13,,337,1,,,0,7,,318,17,4,,0,13,,319,1,,,0,7,,337,17,4,,0,53,,338,1,,,0,7,,319,17,4,,0,13,,310,1,,,0,7,,338,17,4,,0,13,,339,1,,,0,7,,310,17,4,,0,53,,311,1,,,0,7,,339,17,4,,0,13,,340,1,,,0,7,,311,17,4,,0,3,,341,1,,,0,17,,340,17,4,,0,10,,341,17,4,,0,43,,325,1,,,0,22,,325,17,4,,0,8,,326,1,,,0,22,,326,17,4,,0,48,,327,1,,,0,22,,327,17,4,,0,8,,328,1,,,0,22,,328,17,4,,0,48,,342,1,,,0,21,,342,17,4,,0
4500,'c_72083_b_87254_d_32',800,,347,1,,,0,22,,347,17,4,,0,8,,348,1,,,0,22,,348,17,4,,0,48,,349,1,,,0,22,,349,17,4,,0,8,,350,1,,,0,22,,350,17,4,,0,48,,351,1,,,0,27,,351,17,4,,0,13,,352,1,,,0,67,,352,17,4,,0,13,,353,1,,,0,27,,353,17,4,,0,53,,354,1,,,0,27,,354,17,4,,0,13,,355,1,,,0,67,,355,17,4,,0,13,,356,1,,,0,27,,356,17,4,,0,53,,357,1,,,0,27,,357,17,4,,0,13,,358,1,,,0,67,,358,17,4,,0,13,,359,1,,,0,27,,359,17,4,,0,53,,343,1,,,0,22,,343,17,4,,0,8,,344,1,,,0,22,,344,17,4,,0,48,,345,1,,,0,22,,345,17,4,,0,8,,346,1,,,0,22,,346,17,4,,0
4600,'c_72083_b_87254_d_31',1128,,360,30,0,12,0,100,,361,30,0,12,0,100,,362,30,0,12,0,100,,363,30,0,12,0,100,,364,30,0,12,0,100,,365,30,0,12,0
41103,'c_72083_b_87254_d_31',700,,392,1,,,0,100,,393,1,,,0,100,,394,1,,,0,200,,395,1,,,0,100,,396,1,,,0,200,,397,1,,,0,100,,390,1,,,0,100,,398,1,,,0,100,,391,1,,,0
41104,'c_72083_b_87254_d_31',650,,401,13,4,,0,85,,403,13,4,,0,100,,404,13,4,,0,100,,405,13,4,,0,200,,402,13,4,,0,100,,406,13,4,,0,200,,407,13,4,,0,100,,399,13,4,,0,100,,408,13,4,,0,100,,400,13,4,,0
51103,'c_72083_b_87254_d_31',836,,409,5,4,,0,220,,411,5,4,,0,300,,413,5,4,,0,201,,412,6,4,,0,269,,410,6,4,,0
51104,'c_72083_b_87254_d_31',630,,418,1,0,13 14 15,0,270,,416,1,0,13 14 15,0,300,,414,1,0,13 14 15,0,200,,417,1,0,13 14 15,0,230,,415,1,0,13 14 15,0
