30,3000,'c_72083_b_87254_d_31',218,219,220,221,222,223,224
31,3100,'c_72083_b_87254_d_31',225,226,227,228,229,230,231,232,233,234,235,236,237,238
31,3100,'c_72083_b_87254_d_32',239,240,241,242,243,244,245,246,247,248
32,3200,'c_72083_b_87254_d_31',249,250,251,252,253,254,255,256,257,258,259,260,261,262
32,3200,'c_72083_b_87254_d_32',263,264,265,266,267,268,269,270,271,272
33,3300,'c_72083_b_87254_d_31',273,274,275,276,277,278,279,280,281,282,283,284,285
33,3300,'c_72083_b_87254_d_32',286,287,288,289,290,291,292,293,294,295
44,4400,'c_72083_b_87254_d_31',296,297,298,299,300,301,302,303,304,305,306,307,308
45,4500,'c_72083_b_87254_d_31',309,310,311,312,313,314,315,316,317,318,319,320,321,322,323,324,325,326,327,328,329,330,331,332,333,334,335,336,337,338,339,340,341,342
45,4500,'c_72083_b_87254_d_32',343,344,345,346,347,348,349,350,351,352,353,354,355,356,357,358,359
46,4600,'c_72083_b_87254_d_31',360,361,362,363,364,365
57,5700,'c_72083_b_87254_d_31',366,367,368,369,370,371,372,373,374,375,376,377,378,379
57,5700,'c_72083_b_87254_d_32',380,381,382,383,384,385,386,387,388,389
411,41103,'c_72083_b_87254_d_31',390,391,392,393,394,395,396,397,398
411,41104,'c_72083_b_87254_d_31',399,400,401,402,403,404,405,406,407,408
511,51103,'c_72083_b_87254_d_31',409,410,411,412,413
511,51104,'c_72083_b_87254_d_31',414,415,416,417,418
